,id,category,pas1 parent,pas2 parent,pas1 child,pas2 child,gap1,gap2,gap1 percentage,gap2 percentage,diffrence vote in parent,diffrence vote in child,Path Parent,gap diffrence vote,gap gap percentage
0,4044,kel,2,62,31,178,-29,-116,-1450.0,-187.1,-60,-147,1/3205/4033,87,1262.9
1,4045,kel,2,30,24,217,-22,-187,-1100.0,-623.33,-28,-193,1/3205/4033,165,476.66999999999996
2,31497,kel,663,727,4011,4383,-3348,-3656,-504.98,-502.89,-64,-372,26141/31345/31487,308,2.090000000000032
3,4053,kel,10,117,51,224,-41,-107,-410.0,-91.45,-107,-173,1/3205/4033,66,318.55
4,4048,kel,12,141,56,322,-44,-181,-366.67,-128.37,-129,-266,1/3205/4033,137,238.3
5,929724,kel,267,0,1071,0,-804,0,-301.12,0.0,267,1071,78203/79564/928154,804,301.12
6,4042,kel,4,96,15,153,-11,-57,-275.0,-59.38,-92,-138,1/3205/4033,46,215.62
7,4056,kel,8,103,23,358,-15,-255,-187.5,-247.57,-95,-335,1/3205/4033,240,60.06999999999999
8,11764,kec,39092,40346,4831,3992,34261,36354,87.64,90.11,-1254,839,6728/11743,2093,2.469999999999999
9,74049,kel,213,409,565,954,-352,-545,-165.26,-133.25,-196,-389,72551/74018/74045,193,32.00999999999999
10,82937,kel,70,1,184,8,-114,-7,-162.86,-700.0,69,176,81877/82850/83564,107,537.14
11,77329,kel,149,291,350,452,-201,-161,-134.9,-55.33,-142,-102,77085/77311/83860,40,79.57000000000001
12,31893,kel,479,1765,1085,2974,-606,-1209,-126.51,-68.5,-1286,-1889,26141/31685/31889,603,58.010000000000005
13,4043,kel,8,110,18,164,-10,-54,-125.0,-49.09,-102,-146,1/3205/4033,44,75.91
14,3235,kel,6,312,13,274,-7,38,-116.67,12.18,-306,-261,1/3205/3206,45,128.85
15,92654,kel,569,1587,1216,3289,-647,-1702,-113.71,-107.25,-1018,-2073,61965/62333/62405,1055,6.459999999999994
16,929733,kel,189,0,393,0,-204,0,-107.94,0.0,189,393,78203/79564/928155,204,107.94
17,15925,kel,22,158,45,372,-23,-214,-104.55,-135.44,-136,-327,15885/15886/15923,191,30.89
18,86806,kel,206,0,413,0,-207,0,-100.49,0.0,206,413,78203/79564/928154,207,100.49
19,929761,kel,240,0,481,0,-241,0,-100.42,0.0,240,481,78203/79564/928160,241,100.42
20,929723,kel,268,0,536,0,-268,0,-100.0,0.0,268,536,78203/79564/928154,268,100.0
21,929728,kel,242,0,484,0,-242,0,-100.0,0.0,242,484,78203/79564/928154,242,100.0
22,929739,kel,261,0,522,0,-261,0,-100.0,0.0,261,522,78203/79564/928156,261,100.0
23,929732,kel,254,0,507,0,-253,0,-99.61,0.0,254,507,78203/79564/928155,253,99.61
24,929726,kel,238,0,475,0,-237,0,-99.58,0.0,238,475,78203/79564/928154,237,99.58
25,929762,kel,224,0,447,0,-223,0,-99.55,0.0,224,447,78203/79564/928160,223,99.55
26,929731,kel,193,0,385,0,-192,0,-99.48,0.0,193,385,78203/79564/928155,192,99.48
27,86801,kel,170,0,339,0,-169,0,-99.41,0.0,170,339,78203/79564/928155,169,99.41
28,927636,kel,205,0,408,0,-203,0,-99.02,0.0,205,408,78203/79564/928160,203,99.02
29,4040,kel,36,108,2,62,34,46,94.44,42.59,-72,-60,1/3205/4033,12,51.849999999999994
30,4038,kel,31,178,2,30,29,148,93.55,83.15,-147,-28,1/3205/4033,119,10.399999999999991
31,47831,kec,26697,7644,11362,4863,15335,2781,57.44,36.38,19053,6499,42385/47634,12554,21.059999999999995
32,1932,kel,20,324,37,231,-17,93,-85.0,28.7,-304,-194,1/1824/1883,110,113.7
33,927635,kel,193,0,349,0,-156,0,-80.83,0.0,193,349,78203/79564/928160,156,80.83
34,77936,kel,186,273,39,54,147,219,79.03,80.22,-87,-15,77085/928079/77932,72,1.1899999999999977
35,4036,kel,56,322,12,81,44,241,78.57,74.84,-266,-69,1/3205/4033,197,3.7299999999999898
36,4051,kel,9,117,16,159,-7,-42,-77.78,-35.9,-108,-143,1/3205/4033,35,41.88
37,47710,kec,28633,10574,15836,3753,12797,6821,44.69,64.51,18059,12083,42385/47634,5976,19.820000000000007
38,4041,kel,15,153,4,96,11,57,73.33,37.25,-138,-92,1/3205/4033,46,36.08
39,4049,kel,32,236,9,117,23,119,71.88,50.42,-204,-108,1/3205/4033,96,21.459999999999994
40,4035,kel,7,203,12,141,-5,62,-71.43,30.54,-196,-129,1/3205/4033,67,101.97
41,4055,kel,23,358,7,203,16,155,69.57,43.3,-335,-196,1/3205/4033,139,26.269999999999996
42,32264,kel,4232,6088,1326,1870,2906,4218,68.67,69.28,-1856,-544,26141/32193/32262,1312,0.6099999999999994
43,73923,kel,209,521,352,861,-143,-340,-68.42,-65.26,-312,-509,72551/73650/73915,197,3.1599999999999966
44,929774,kel,726,0,1210,0,-484,0,-66.67,0.0,726,1210,78203/79564/928162,484,66.67
45,74050,kel,565,954,213,409,352,545,62.3,57.13,-389,-196,72551/74018/74045,193,5.169999999999995
46,91029,kel,184,8,70,1,114,7,61.96,87.5,176,69,81877/82850/83564,107,25.54
47,929745,kel,313,0,500,0,-187,0,-59.74,0.0,313,500,78203/79564/928157,187,59.74
48,16353,kec,391,4033,219,2020,172,2013,43.99,49.91,-3642,-1801,15885/16183,1841,5.919999999999995
49,73921,kel,154,305,240,452,-86,-147,-55.84,-48.2,-151,-212,72551/73650/73915,61,7.640000000000001
50,4039,kel,18,164,8,110,10,54,55.56,32.93,-146,-102,1/3205/4033,44,22.630000000000003
51,73935,kel,161,214,245,323,-84,-109,-52.17,-50.93,-53,-78,72551/73650/73915,25,1.240000000000002
52,77330,kel,350,452,169,378,181,74,51.71,16.37,-102,-209,77085/77311/83860,107,35.34
53,82798,kel,269,22,134,44,135,-22,50.19,-100.0,247,90,81877/82724/82793,157,150.19
54,929718,kel,442,0,663,0,-221,0,-50.0,0.0,442,663,78203/79564/928153,221,50.0
55,1078,kel,22,125,33,218,-11,-93,-50.0,-74.4,-103,-185,1/671/1063,82,24.400000000000006
56,73927,kel,327,146,490,225,-163,-79,-49.85,-54.11,181,265,72551/73650/73915,84,4.259999999999998
57,930729,kel,395,0,203,0,192,0,48.61,0.0,395,203,78203/80851/80871,192,48.61
58,36944,kel,5228,1204,2743,650,2485,554,47.53,46.01,4024,2093,32676/36790/36939,1931,1.5200000000000031
59,1935,kel,37,231,20,324,17,-93,45.95,-40.26,-194,-304,1/1824/1883,110,86.21000000000001
60,86816,kel,561,0,817,0,-256,0,-45.63,0.0,561,817,78203/79564/83726,256,45.63
61,47701,kec,26607,8760,16219,4057,10388,4703,39.04,53.69,17847,12162,42385/47634,5685,14.649999999999999
62,928154,kec,5326,0,3568,0,1758,0,33.01,0.0,5326,3568,78203/79564,1758,33.01
63,57507,kel,200,117,286,22,-86,95,-43.0,81.2,83,264,55065/57406/57491,181,124.2
64,77523,kel,261,1,149,1,112,0,42.91,0.0,260,148,77085/77364/77520,112,42.91
65,75650,kel,287,241,408,293,-121,-52,-42.16,-21.58,46,115,75425/75502/75643,69,20.58
66,6814,kel,1702,1848,1000,1813,702,35,41.25,1.89,-146,-813,6728/6789/6812,667,39.36
67,10990,kec,6986,143,4856,92,2130,51,30.49,35.66,6843,4764,6728/10646,2079,5.169999999999998
68,47733,kec,25525,9633,18468,6479,7057,3154,27.65,32.74,15892,11989,42385/47634,3903,5.090000000000003
69,4046,kel,26,153,36,108,-10,45,-38.46,29.41,-127,-72,1/3205/4033,55,67.87
70,4052,kel,16,159,10,117,6,42,37.5,26.42,-143,-107,1/3205/4033,36,11.079999999999998
71,66717,kel,319,16,434,23,-115,-7,-36.05,-43.75,303,411,65702/66544/66710,108,7.700000000000003
72,929734,kel,344,0,467,0,-123,0,-35.76,0.0,344,467,78203/79564/928156,123,35.76
73,31894,kel,1085,2974,703,1904,382,1070,35.21,35.98,-1889,-1201,26141/31685/31889,688,0.769999999999996
74,77331,kel,248,70,334,261,-86,-191,-34.68,-272.86,178,73,77085/77311/77322,105,238.18
75,89935,kel,151,18,202,9,-51,9,-33.77,50.0,133,193,65702/66718/66803,60,83.77000000000001
76,4047,kel,12,81,8,103,4,-22,33.33,-27.16,-69,-95,1/3205/4033,26,60.489999999999995
77,929751,kel,514,0,343,0,171,0,33.27,0.0,514,343,78203/79564/928158,171,33.27
78,928160,kec,3078,0,2255,0,823,0,26.74,0.0,3078,2255,78203/79564,823,26.74
79,31895,kel,703,1904,479,1765,224,139,31.86,7.3,-1201,-1286,26141/31685/31889,85,24.56
80,55727,kec,2320,126,1734,96,586,30,25.26,23.81,2194,1638,55065/55620,556,1.4500000000000028
81,929741,kel,243,0,313,0,-70,0,-28.81,0.0,243,313,78203/79564/928157,70,28.81
82,20959,kel,287,302,369,395,-82,-93,-28.57,-30.79,-15,-26,20802/20923/20944,11,2.219999999999999
83,77714,kec,1223,1465,923,1376,300,89,24.53,6.08,-242,-453,77085/77578,211,18.450000000000003
84,928155,kec,3678,0,2860,0,818,0,22.24,0.0,3678,2860,78203/79564,818,22.24
85,47781,kec,25277,11089,20048,7930,5229,3159,20.69,28.49,14188,12118,42385/47634,2070,7.799999999999997
86,50616,kel,34,956,25,671,9,285,26.47,29.81,-922,-646,42385/50532/50604,276,3.34
87,77324,kel,334,261,248,70,86,191,25.75,73.18,73,178,77085/77311/77322,105,47.43000000000001
88,83745,kec,2348,0,1877,0,471,0,20.06,0.0,2348,1877,78203/79629,471,20.06
89,25467,kec,1499,543,1217,357,282,186,18.81,34.25,956,860,25405/25429,96,15.440000000000001
90,491,kel,33,378,41,378,-8,0,-24.24,0.0,-345,-337,1/269/467,8,24.24
91,4034,kel,42,237,32,236,10,1,23.81,0.42,-195,-204,1/3205/4033,9,23.389999999999997
92,929717,kel,942,0,722,0,220,0,23.35,0.0,942,722,78203/79564/928153,220,23.35
93,52829,kel,747,2316,921,2692,-174,-376,-23.29,-16.23,-1569,-1771,51578/52593/52824,202,7.059999999999999
94,31487,kec,20081,26883,16733,23227,3348,3656,16.67,13.6,-6802,-6494,26141/31345,308,3.070000000000002
95,43175,kec,20364,6642,17069,5882,3295,760,16.18,11.44,13722,11187,42385/43069,2535,4.74
96,23748,kel,868,627,675,674,193,-47,22.24,-7.5,241,1,22328/23737/23738,240,29.74
97,58734,kel,1198,429,1454,519,-256,-90,-21.37,-20.98,769,935,58285/58567/58724,166,0.39000000000000057
98,7380,kel,287,81,347,21,-60,60,-20.91,74.07,206,326,6728/7240/7376,120,94.97999999999999
99,59447,kec,2076,129,1767,119,309,10,14.88,7.75,1947,1648,58285/59320,299,7.130000000000001
100,83077,kec,1738,299,1490,298,248,1,14.27,0.33,1439,1192,81877/82965,247,13.94
101,928156,kec,2692,0,2308,0,384,0,14.26,0.0,2692,2308,78203/79564,384,14.26
102,47650,kec,32124,9844,27610,7581,4514,2263,14.05,22.99,22280,20029,42385/47634,2251,8.939999999999998
103,929750,kel,480,0,390,0,90,0,18.75,0.0,480,390,78203/79564/928158,90,18.75
104,8785,kel,1133,388,922,372,211,16,18.62,4.12,745,550,6728/8688/8775,195,14.5
105,1092,kel,65,403,53,234,12,169,18.46,41.94,-338,-181,1/671/1080,157,23.479999999999997
106,927634,kel,1372,0,1120,0,252,0,18.37,0.0,1372,1120,78203/79564/928162,252,18.37
107,70843,kel,751,1954,888,2261,-137,-307,-18.24,-15.71,-1203,-1373,69268/70757/70842,170,2.5299999999999976
108,27393,kel,1406,2644,1155,3527,251,-883,17.85,-33.4,-1238,-2372,26141/27026/27389,1134,51.25
109,62715,kel,481,925,566,717,-85,208,-17.67,22.49,-444,-151,61965/62643/62708,293,40.16
110,4054,kel,51,224,42,237,9,-13,17.65,-5.8,-173,-195,1/3205/4033,22,23.45
111,75302,kec,2970,4543,2556,3720,414,823,13.94,18.12,-1573,-1164,74716/75301,409,4.1800000000000015
112,89120,kel,283,0,332,0,-49,0,-17.31,0.0,283,332,78203/79564/928157,49,17.31
113,55888,kel,2585,684,2143,516,442,168,17.1,24.56,1901,1627,55065/928072/55882,274,7.459999999999997
114,929746,kel,274,0,320,0,-46,0,-16.79,0.0,274,320,78203/79564/928157,46,16.79
115,7153,kel,958,38,1118,46,-160,-8,-16.7,-21.05,920,1072,6728/7132/7133,152,4.350000000000001
116,74469,kec,1845,825,1589,782,256,43,13.88,5.21,1020,807,72551/74437,213,8.670000000000002
117,10823,kec,4330,379,3759,313,571,66,13.19,17.41,3951,3446,6728/10646,505,4.220000000000001
118,77327,kel,217,289,252,397,-35,-108,-16.13,-37.37,-72,-145,77085/77311/77322,73,21.24
119,3232,kel,26,616,22,438,4,178,15.38,28.9,-590,-416,1/3205/3206,174,13.519999999999998
120,31892,kel,617,2571,711,2425,-94,146,-15.24,5.68,-1954,-1714,26141/31685/31889,240,20.92
121,10699,kec,7449,414,6596,389,853,25,11.45,6.04,7035,6207,6728/10646,828,5.409999999999999
122,928157,kec,3283,0,2931,0,352,0,10.72,0.0,3283,2931,78203/79564,352,10.72
123,66334,kec,1690,200,1534,195,156,5,9.23,2.5,1490,1339,65702/66188,151,6.73
124,83777,kec,6498,4301,5920,3598,578,703,8.9,16.35,2197,2322,74716/74717,125,7.450000000000001
125,50643,kel,1210,9479,1380,9309,-170,170,-14.05,1.79,-8269,-7929,42385/50532/50632,340,15.84
126,47747,kec,27610,7581,25277,11089,2333,-3508,8.45,-46.27,20029,14188,42385/47634,5841,54.72
127,77326,kel,252,397,217,289,35,108,13.89,27.2,-145,-72,77085/77311/77322,73,13.309999999999999
128,83619,kec,1391,33,1275,30,116,3,8.34,9.09,1358,1245,78203/80526,113,0.75
129,68131,kel,691,566,785,640,-94,-74,-13.6,-13.07,125,145,67393/68041/68130,20,0.5299999999999994
130,73551,kel,565,300,640,345,-75,-45,-13.27,-15.0,265,295,72551/928084/73546,30,1.7300000000000004
131,31890,kel,711,2425,617,2571,94,-146,13.22,-6.02,-1714,-1954,26141/31685/31889,240,19.240000000000002
132,59355,kec,2730,141,2516,129,214,12,7.84,8.51,2589,2387,58285/59320,202,0.6699999999999999
133,89131,kel,411,0,463,0,-52,0,-12.65,0.0,411,463,78203/79564/928153,52,12.65
134,927631,kel,511,0,447,0,64,0,12.52,0.0,511,447,78203/79564/928158,64,12.52
135,80725,kec,24868,0,23271,0,1597,0,6.42,0.0,24868,23271,78203/80724,1597,6.42
136,19454,kel,834,400,934,400,-100,0,-11.99,0.0,434,534,17404/19172/19440,100,11.99
137,77325,kel,169,378,149,291,20,87,11.83,23.02,-209,-142,77085/77311/83860,67,11.19
138,10735,kec,3464,200,3300,200,164,0,4.73,0.0,3264,3100,6728/10646,164,4.73
139,78980,kel,146,4,162,8,-16,-4,-10.96,-100.0,142,154,78203/78927/78979,12,89.03999999999999
140,22376,kel,1048,220,934,233,114,-13,10.88,-5.91,828,701,22328/22329/22368,127,16.79
141,83459,kec,4340,253,4144,235,196,18,4.52,7.11,4087,3909,6728/10646,178,2.5900000000000007
142,66846,kel,319,139,353,145,-34,-6,-10.66,-4.32,180,208,65702/66718/66845,28,6.34
143,86802,kel,475,0,426,0,49,0,10.32,0.0,475,426,78203/79564/928153,49,10.32
144,67826,kel,463,104,417,58,46,46,9.94,44.23,359,359,67393/67558/67820,0,34.29
145,24956,kel,620,440,680,531,-60,-91,-9.68,-20.68,180,149,22328/24850/83501,31,11.0
146,82865,kel,1882,805,2056,869,-174,-64,-9.25,-7.95,1077,1187,81877/82850/83557,110,1.2999999999999998
147,83726,kec,5834,0,5578,0,256,0,4.39,0.0,5834,5578,78203/79564,256,4.39
148,80192,kel,206,18,225,5,-19,13,-9.22,72.22,188,220,78203/80144/80191,32,81.44
149,75643,kec,2872,2666,2751,2614,121,52,4.21,1.95,206,137,75425/75502,69,2.26
150,6485,kel,324,1915,296,1745,28,170,8.64,8.88,-1591,-1449,1/6397/6477,142,0.2400000000000002
151,83052,kec,537,22,515,22,22,0,4.1,0.0,515,493,81877/82965,22,4.1
152,52045,kel,1116,1441,1210,1347,-94,94,-8.42,6.52,-325,-137,51578/51913/52038,188,14.94
153,11005,kec,7542,236,7263,232,279,4,3.7,1.69,7306,7031,6728/10646,275,2.0100000000000002
154,4037,kel,24,217,26,153,-2,64,-8.33,29.49,-193,-127,1/3205/4033,66,37.82
155,67824,kel,505,109,463,104,42,5,8.32,4.59,396,359,67393/67558/67820,37,3.7300000000000004
156,62513,kel,603,1758,553,1903,50,-145,8.29,-8.25,-1155,-1350,61965/62333/62509,195,16.54
157,66193,kel,390,390,422,278,-32,112,-8.21,28.72,0,144,65702/66188/66189,144,36.93
158,84942,kel,1030,421,948,361,82,60,7.96,14.25,609,587,32676/32677/83531,22,6.29
159,55739,kec,4742,359,4576,347,166,12,3.5,3.34,4383,4229,55065/55620,154,0.16000000000000014
160,87482,kel,686,2239,732,2412,-46,-173,-6.71,-7.73,-1553,-1680,69268/71327/83765,127,1.0200000000000005
161,70845,kel,1022,2233,1088,2284,-66,-51,-6.46,-2.28,-1211,-1196,69268/70757/70842,15,4.18
162,62405,kec,18948,42739,18301,41037,647,1702,3.41,3.98,-23791,-22736,61965/62333,1055,0.5699999999999998
163,31670,kel,1288,2152,1206,2878,82,-726,6.37,-33.74,-864,-1672,26141/31345/31665,808,40.11
164,13674,kel,232,2046,246,2079,-14,-33,-6.03,-1.61,-1814,-1833,12920/13634/13671,19,4.42
165,25648,kel,422,83,447,164,-25,-81,-5.92,-97.59,339,283,25405/25597/25646,56,91.67
166,65003,kel,697,83,737,47,-40,36,-5.74,43.37,614,690,928068/64949/64994,76,49.11
167,70842,kec,6793,14837,6590,14479,203,358,2.99,2.41,-8044,-7889,69268/70757,155,0.5800000000000001
168,25647,kel,447,164,422,83,25,81,5.59,49.39,283,339,25405/25597/25646,56,43.8
169,46128,kel,2779,3586,2626,3277,153,309,5.51,8.62,-807,-651,42385/45916/46126,156,3.1099999999999994
170,57092,kel,437,854,461,830,-24,24,-5.49,2.81,-417,-369,55065/57008/57091,48,8.3
171,2099,kel,19,217,18,217,1,0,5.26,0.0,-198,-199,1/1824/2093,1,5.26
172,45690,kel,584,825,554,835,30,-10,5.14,-1.21,-241,-281,42385/45561/45682,40,6.35
173,9058,kel,2493,1443,2367,1306,126,137,5.05,9.49,1050,1061,6728/8688/9051,11,4.44
174,928162,kec,6900,0,6694,0,206,0,2.99,0.0,6900,6694,78203/79564,206,2.99
175,1063,kec,377,3676,366,3583,11,93,2.92,2.53,-3299,-3217,1/671,82,0.3900000000000001
176,83557,kec,5295,2697,5148,2401,147,296,2.78,10.98,2598,2747,81877/82850,149,8.200000000000001
177,58568,kec,27380,21425,26656,20877,724,548,2.64,2.56,5955,5779,58285/58567,176,0.08000000000000007
178,13161,kel,366,3526,382,3650,-16,-124,-4.37,-3.52,-3160,-3268,12920/13099/13158,108,0.8500000000000001
179,71564,kel,675,835,646,830,29,5,4.3,0.6,-160,-184,69268/71437/71557,24,3.6999999999999997
180,73546,kec,3125,1526,3050,1481,75,45,2.4,2.95,1599,1569,72551/928084,30,0.5500000000000003
181,66710,kec,4967,711,4852,704,115,7,2.32,0.98,4256,4148,65702/66544,108,1.3399999999999999
182,25602,kel,150,140,156,210,-6,-70,-4.0,-50.0,10,-54,25405/25597/930099,64,46.0
183,52867,kel,729,1839,758,1979,-29,-140,-3.98,-7.61,-1110,-1221,51578/52593/52865,111,3.6300000000000003
184,16309,kel,126,572,121,577,5,-5,3.97,-0.87,-446,-456,15885/16183/16307,10,4.84
185,25604,kel,156,210,150,140,6,70,3.85,33.33,-54,10,25405/25597/930099,64,29.479999999999997
186,15923,kec,1013,8560,990,8346,23,214,2.27,2.5,-7547,-7356,15885/15886,191,0.22999999999999998
187,13158,kec,731,5956,715,5832,16,124,2.19,2.08,-5225,-5117,12920/13099,108,0.10999999999999988
188,928153,kec,6472,0,6338,0,134,0,2.07,0.0,6472,6338,78203/79564,134,2.07
189,51044,kel,3415,1394,3300,1443,115,-49,3.37,-3.52,2021,1857,42385/50735/51042,164,6.890000000000001
190,76300,kel,218,8,225,10,-7,-2,-3.21,-25.0,210,215,76096/76284/76297,5,21.79
191,89137,kel,835,0,809,0,26,0,3.11,0.0,835,809,78203/79564/928162,26,3.11
192,13137,kel,744,2880,767,2984,-23,-104,-3.09,-3.61,-2136,-2217,12920/13099/13136,81,0.52
193,73971,kec,3823,7964,3745,7703,78,261,2.04,3.28,-4141,-3958,72551/73650,183,1.2399999999999998
194,71748,kec,2397,6966,2356,6872,41,94,1.71,1.35,-4569,-4516,69268/71579,53,0.3599999999999999
195,71633,kec,2364,7057,2328,6852,36,205,1.52,2.9,-4693,-4524,69268/71579,169,1.38
196,47200,kel,2144,623,2084,696,60,-73,2.8,-11.72,1521,1388,42385/47001/47191,133,14.52
197,928121,kec,6335,0,6243,0,92,0,1.45,0.0,6335,6243,78203/80724,92,1.45
198,13136,kec,1609,7571,1586,7467,23,104,1.43,1.37,-5962,-5881,12920/13099,81,0.05999999999999983
199,68820,kel,428,350,439,354,-11,-4,-2.57,-1.14,78,85,67393/928074/68816,7,1.43
200,80213,kel,277,13,270,13,7,0,2.53,0.0,264,257,78203/80144/80204,7,2.53
201,82788,kel,161,7,165,7,-4,0,-2.48,0.0,154,158,81877/82724/82785,4,2.48
202,52511,kel,2680,5433,2615,5314,65,119,2.43,2.19,-2753,-2699,51578/52287/52502,54,0.2400000000000002
203,10953,kec,2244,65,2214,63,30,2,1.34,3.08,2179,2151,6728/10646,28,1.74
204,11594,kel,2251,1544,2304,1534,-53,10,-2.35,0.65,707,770,6728/11374/11593,63,3.0
205,20944,kec,6838,3542,6756,3449,82,93,1.2,2.63,3296,3307,20802/20923,11,1.43
206,82801,kel,263,11,269,5,-6,6,-2.28,54.55,252,264,81877/82724/82793,12,56.83
207,13868,kec,1182,5137,1168,5054,14,83,1.18,1.62,-3955,-3886,12920/13844,69,0.44000000000000017
208,83501,kec,5359,3403,5299,3312,60,91,1.12,2.67,1956,1987,22328/24850,31,1.5499999999999998
209,13672,kel,790,3539,807,3638,-17,-99,-2.15,-2.8,-2749,-2831,12920/13634/13671,82,0.6499999999999999
210,11328,kec,18397,397,18213,396,184,1,1.0,0.25,18000,17817,6728/11247,183,0.75
211,41967,kel,6103,2732,5978,2696,125,36,2.05,1.32,3371,3282,41863/41965/41966,89,0.7299999999999998
212,75536,kec,5981,641,5924,633,57,8,0.95,1.25,5340,5291,75425/75502,49,0.30000000000000004
213,13100,kec,848,13174,840,13059,8,115,0.94,0.87,-12326,-12219,12920/13099,107,0.06999999999999995
214,31357,kel,1340,2602,1366,2641,-26,-39,-1.94,-1.5,-1262,-1275,26141/31345/31355,13,0.43999999999999995
215,80206,kel,212,11,208,11,4,0,1.89,0.0,201,197,78203/80144/80204,4,1.89
216,54951,kel,2604,1053,2555,1045,49,8,1.88,0.76,1551,1510,54020/54925/54947,41,1.1199999999999999
217,80193,kel,169,7,166,10,3,-3,1.78,-42.86,162,156,78203/80144/80191,6,44.64
218,82787,kel,57,0,58,0,-1,0,-1.75,0.0,57,58,81877/82724/82785,1,1.75
219,82917,kec,1885,98,1870,98,15,0,0.8,0.0,1787,1772,81877/82850,15,0.8
220,62708,kec,10909,19542,10824,19750,85,-208,0.78,-1.06,-8633,-8926,61965/62643,293,1.84
221,77345,kel,191,79,194,245,-3,-166,-1.57,-210.13,112,-51,77085/77311/929217,163,208.56
222,77344,kel,194,245,191,79,3,166,1.55,67.76,-51,112,77085/77311/929217,163,66.21000000000001
223,56793,kel,260,8,264,4,-4,4,-1.54,50.0,252,260,55065/56671/56782,8,51.54
224,66194,kel,520,520,528,296,-8,224,-1.54,43.08,0,232,65702/66188/66189,232,44.62
225,72875,kel,65,194,64,194,1,0,1.54,0.0,-129,-130,72551/928077/72874,1,1.54
226,83621,kec,1011,20,1004,19,7,1,0.69,5.0,991,985,78203/80526,6,4.3100000000000005
227,83765,kec,7553,15285,7507,15112,46,173,0.61,1.13,-7732,-7605,69268/71327,127,0.5199999999999999
228,82802,kec,2273,185,2261,191,12,-6,0.53,-3.24,2088,2070,81877/82724,18,3.7700000000000005
229,64095,kel,2970,6140,3013,6140,-43,0,-1.45,0.0,-3170,-3127,61965/64085/64091,43,1.45
230,23315,kec,9082,29521,9038,29582,44,-61,0.48,-0.21,-20439,-20544,22328/23189,105,0.69
231,66189,kec,8570,4992,8530,5328,40,-336,0.47,-6.73,3578,3202,65702/66188,376,7.2
232,31355,kec,6378,17942,6352,17903,26,39,0.41,0.22,-11564,-11551,26141/31345,13,0.18999999999999997
233,56862,kel,318,18,314,18,4,0,1.26,0.0,300,296,55065/56671/56857,4,1.26
234,27826,kec,15271,30634,15232,30724,39,-90,0.26,-0.29,-15363,-15492,26141/27714,129,0.55
235,13260,kec,909,14262,907,14304,2,-42,0.22,-0.29,-13353,-13397,12920/13253,44,0.51
236,24680,kec,8329,2994,8316,2986,13,8,0.16,0.27,5335,5330,22328/24484,5,0.11000000000000001
237,50700,kec,5860,69608,5854,69606,6,2,0.1,0.0,-63748,-63752,42385/50532,4,0.1
238,13327,kel,995,9222,984,9152,11,70,1.11,0.76,-8227,-8168,12920/13317/13322,59,0.3500000000000001
239,13402,kel,1033,6900,1044,7010,-11,-110,-1.06,-1.59,-5867,-5966,12920/13317/13398,99,0.53
240,27813,kec,8809,32296,8801,32278,8,18,0.09,0.06,-23487,-23477,26141/27714,10,0.03
241,13398,kec,1409,11202,1408,11260,1,-58,0.07,-0.52,-9793,-9852,12920/13317,59,0.5900000000000001
242,14777,kel,2630,6842,2605,6761,25,81,0.95,1.18,-4212,-4156,14086/14741/14775,56,0.22999999999999998
243,13318,kec,1479,12575,1478,12620,1,-45,0.07,-0.36,-11096,-11142,12920/13317,46,0.43
244,5788,kel,106,1006,107,1006,-1,0,-0.94,0.0,-900,-899,1/5694/5766,1,0.94
245,80194,kel,231,16,233,16,-2,0,-0.87,0.0,215,217,78203/80144/80191,2,0.87
246,2864,kec,1889,22519,1888,22519,1,0,0.05,0.0,-20630,-20631,1/2452,1,0.05
247,17276,kec,3867,7493,3865,7513,2,-20,0.05,-0.27,-3626,-3648,15885/17215,22,0.32
248,52857,kec,6899,18522,6897,18576,2,-54,0.03,-0.29,-11623,-11679,51578/52593,56,0.31999999999999995
249,20818,kec,5076,4173,5075,4173,1,0,0.02,0.0,903,902,20802/20803,1,0.02
250,67532,kel,274,608,276,608,-2,0,-0.73,0.0,-334,-332,67393/67394/67527,2,0.73
251,67140,kec,22145,10296,22144,10296,1,0,0.0,0.0,11849,11848,65702/67130,1,0.0
252,928130,kec,916,0,916,0,0,0,0.0,0.0,916,916,78203/81007,0,0.0
253,74229,kec,2889,2062,2889,3738,0,-1676,0.0,-81.28,827,-849,72551/74179,1676,81.28
254,41987,kel,7950,2797,7995,2799,-45,-2,-0.57,-0.07,5153,5196,41863/41965/41984,43,0.49999999999999994
255,41313,kel,3561,1746,3541,1788,20,-42,0.56,-2.41,1815,1753,32676/41165/41309,62,2.97
256,80212,kel,370,20,368,20,2,0,0.54,0.0,350,348,78203/80144/80204,2,0.54
257,82838,kel,187,6,188,6,-1,0,-0.53,0.0,181,182,81877/82724/82835,1,0.53
258,6081,kec,599,570,599,573,0,-3,0.0,-0.53,29,26,1/5920,3,0.53
259,78897,kec,4081,581,4081,584,0,-3,0.0,-0.52,3500,3497,78203/78862,3,0.52
260,9,kec,1517,12582,1517,12623,0,-41,0.0,-0.33,-11065,-11106,1/2,41,0.33
261,56731,kel,200,43,201,42,-1,1,-0.5,2.33,157,159,55065/56671/56724,2,2.83
262,77436,kec,3847,1856,3847,1852,0,4,0.0,0.22,1991,1995,77085/77364,4,0.22
263,29825,kec,15770,7519,15770,7529,0,-10,0.0,-0.13,8251,8241,26141/29369,10,0.13
264,23716,kec,5909,2988,5909,2987,0,1,0.0,0.03,2921,2922,22328/23460,1,0.03
265,62902,kec,3017,12003,3017,12002,0,1,0.0,0.01,-8986,-8985,61965/62861,1,0.01
266,29344,kec,7889,12384,7889,12385,0,-1,0.0,-0.01,-4495,-4496,26141/28960,1,0.01
267,41972,kel,4594,2071,4608,2084,-14,-13,-0.3,-0.63,2523,2524,41863/41965/41969,1,0.33
268,42261,kel,15805,7179,15760,7161,45,18,0.28,0.25,8626,8599,41863/42221/42259,27,0.030000000000000027
269,13320,kel,355,3905,356,3860,-1,45,-0.28,1.15,-3550,-3504,12920/13317/13318,46,1.43
270,26082,kel,6397,12699,6380,12693,17,6,0.27,0.05,-6302,-6313,25823/26065/26081,11,0.22000000000000003
271,62432,kec,8346,12981,8346,12980,0,1,0.0,0.01,-4635,-4634,61965/62333,1,0.01
272,41686,kec,80542,25725,80563,25733,-21,-8,-0.03,-0.03,54817,54830,32676/41585,13,0.0
273,42052,kel,13946,5947,13981,5981,-35,-34,-0.25,-0.57,7999,8000,41863/41965/42048,1,0.31999999999999995
274,50567,kel,858,2091,860,2091,-2,0,-0.23,0.0,-1233,-1231,42385/50532/50551,2,0.23
275,7115,kel,874,31,876,36,-2,-5,-0.23,-16.13,843,840,6728/7013/7112,3,15.899999999999999
276,28514,kel,441,1076,440,1076,1,0,0.23,0.0,-635,-636,26141/28182/28508,1,0.23
277,13323,kel,2246,17038,2241,17012,5,26,0.22,0.15,-14792,-14771,12920/13317/13322,21,0.07
278,50687,kec,2275,48937,2276,48936,-1,1,-0.04,0.0,-46662,-46660,42385/50532,2,0.04
279,41985,kel,6396,2667,6410,2680,-14,-13,-0.22,-0.49,3729,3730,41863/41965/41984,1,0.27
280,31347,kel,5161,7909,5171,7898,-10,11,-0.19,0.14,-2748,-2727,26141/31345/31346,21,0.33
281,41188,kec,33720,19352,33736,19393,-16,-41,-0.05,-0.21,14368,14343,32676/41165,25,0.15999999999999998
282,82298,kec,6029,45,6032,42,-3,3,-0.05,6.67,5984,5990,81877/928081,6,6.72
283,76388,kel,566,281,565,279,1,2,0.18,0.71,285,286,76096/76284/83815,1,0.53
284,32422,kec,57717,61674,57747,61674,-30,0,-0.05,0.0,-3957,-3927,26141/32403,30,0.05
285,930830,kel,1347,19,1345,19,2,0,0.15,0.0,1328,1326,55065/57935/57956,2,0.15
286,929143,kel,2037,323,2034,323,3,0,0.15,0.0,1714,1711,81877/83289/928196,3,0.15
287,83650,kec,1838,0,1839,0,-1,0,-0.05,0.0,1838,1839,78203/81261,1,0.05
288,47156,kel,2277,976,2280,973,-3,3,-0.13,0.31,1301,1307,42385/47001/47154,6,0.44
289,13391,kel,777,6352,776,6409,1,-57,0.13,-0.9,-5575,-5633,12920/13317/13385,58,1.03
290,13328,kec,1822,16509,1823,16556,-1,-47,-0.05,-0.28,-14687,-14733,12920/13317,46,0.23000000000000004
291,77942,kec,1777,2056,1778,2056,-1,0,-0.06,0.0,-279,-278,77085/928079,1,0.06
292,930083,kec,3943,364,3946,364,-3,0,-0.08,0.0,3579,3582,6728/10646,3,0.08
293,83474,kec,1282,7334,1283,7335,-1,-1,-0.08,-0.01,-6052,-6052,12920/12921,0,0.07
294,44821,kel,10272,5837,10282,5837,-10,0,-0.1,0.0,4435,4445,42385/44643/44820,10,0.1
295,83471,kec,2029,209,2031,211,-2,-2,-0.1,-0.96,1820,1820,6728/10646,0,0.86
296,70921,kec,4570,2570,4575,2602,-5,-32,-0.11,-1.25,2000,1973,69268/70873,27,1.14
297,82277,kec,2621,52,2624,49,-3,3,-0.11,5.77,2569,2575,81877/928081,6,5.88
298,25804,kec,49100,39545,49169,39598,-69,-53,-0.14,-0.13,9555,9571,25405/25746,16,0.010000000000000009
299,42024,kec,43377,28079,43454,28151,-77,-72,-0.18,-0.26,15298,15303,41863/41965,5,0.08000000000000002
300,45912,kel,1666,763,1665,763,1,0,0.06,0.0,903,902,42385/45561/45905,1,0.06
301,32579,kec,10891,27858,10911,27869,-20,-11,-0.18,-0.04,-16967,-16958,26141/32566,9,0.13999999999999999
302,7340,kec,5460,2514,5474,2502,-14,12,-0.26,0.48,2946,2972,6728/7240,26,0.74
303,13322,kec,4394,34201,4410,34297,-16,-96,-0.36,-0.28,-29807,-29887,12920/13317,80,0.07999999999999996
304,82815,kec,1308,199,1313,195,-5,4,-0.38,2.01,1109,1118,81877/82724,9,2.3899999999999997
305,83462,kec,2724,111,2738,111,-14,0,-0.51,0.0,2613,2627,6728/10646,14,0.51
306,54947,kec,22467,17471,22587,17485,-120,-14,-0.53,-0.08,4996,5102,54020/54925,106,0.45
307,13555,kec,3196,311,3215,311,-19,0,-0.59,0.0,2885,2904,12920/13554,19,0.59
308,67124,kec,2579,365,2600,385,-21,-20,-0.81,-5.48,2214,2215,65702/67035,1,4.67
309,25810,kel,8747,8219,8743,8230,4,-11,0.05,-0.13,528,513,25405/25746/25804,15,0.18
310,78886,kec,931,34,939,27,-8,7,-0.86,20.59,897,912,78203/78862,15,21.45
311,31793,kel,2653,5622,2652,5622,1,0,0.04,0.0,-2969,-2970,26141/31685/31791,1,0.04
312,77932,kec,3306,3724,3345,3778,-39,-54,-1.18,-1.45,-418,-433,77085/928079,15,0.27
313,71557,kec,2082,6905,2111,6910,-29,-5,-1.39,-0.07,-4823,-4799,69268/71437,24,1.3199999999999998
314,42328,kel,4525,1936,4524,1932,1,4,0.02,0.21,2589,2592,41863/42325/42326,3,0.19
315,42260,kel,22715,8980,22710,8973,5,7,0.02,0.08,13735,13737,41863/42221/42259,2,0.06
316,50645,kec,4574,53833,4642,53833,-68,0,-1.49,0.0,-49259,-49191,42385/50532,68,1.49
317,3280,kec,1352,12701,1375,12783,-23,-82,-1.7,-0.65,-11349,-11408,1/3205,59,1.0499999999999998
318,41779,kabko,138319,49784,138320,49784,-1,0,-0.0,0.0,88535,88536,32676,1,0.0
319,52953,kec,21796,29910,22229,29953,-433,-43,-1.99,-0.14,-8114,-7724,51578/52936,390,1.85
320,64920,kel,58,0,58,0,0,0,0.0,0.0,58,58,928068/64709/930101,0,0.0
321,83256,kel,174,2,174,12,0,-10,0.0,-500.0,172,162,81877/83194/83252,10,500.0
322,74232,kel,580,1869,580,193,0,1676,0.0,89.67,-1289,387,72551/74179/74229,1676,89.67
323,82890,kec,1466,411,1540,584,-74,-173,-5.05,-42.09,1055,956,81877/82850,99,37.040000000000006
324,7577,kel,1006,13,1006,23,0,-10,0.0,-76.92,993,983,6728/7438/7569,10,76.92
325,80217,kel,159,4,159,3,0,1,0.0,25.0,155,156,78203/80144/80204,1,25.0
326,84967,kel,523,639,523,689,0,-50,0.0,-7.82,-116,-166,51578/51579/51686,50,7.82
327,6087,kel,44,43,44,40,0,3,0.0,6.98,1,4,1/5920/6081,3,6.98
328,29790,kel,1845,966,1845,908,0,58,0.0,6.0,879,937,26141/29369/29784,58,6.0
329,87151,kel,353,60,353,57,0,3,0.0,5.0,293,296,81877/82724/82725,3,5.0
330,55886,kel,1365,69,1365,72,0,-3,0.0,-4.35,1296,1293,55065/928072/55882,3,4.35
331,3659,kel,10,196,10,192,0,4,0.0,2.04,-186,-182,1/3205/3633,4,2.04
332,51046,kel,1475,821,1475,830,0,-9,0.0,-1.1,654,645,42385/50735/51042,9,1.1
333,29827,kel,2348,1026,2348,1016,0,10,0.0,0.97,1322,1332,26141/29369/29825,10,0.97
334,80205,kel,310,113,310,112,0,1,0.0,0.88,197,198,78203/80144/80204,1,0.88
335,81141,kec,1786,803,1886,703,-100,100,-5.6,12.45,983,1183,78203/81104,200,18.049999999999997
336,18678,kel,358,581,358,584,0,-3,0.0,-0.52,-223,-226,17404/18643/18662,3,0.52
337,50413,kec,37383,45246,42023,40752,-4640,4494,-12.41,9.93,-7863,1271,42385/50331,9134,22.34
338,18676,kel,1196,754,1196,751,0,3,0.0,0.4,442,445,17404/18643/18662,3,0.4
339,44296,kel,5858,1393,5858,1398,0,-5,0.0,-0.36,4465,4460,42385/43993/44293,5,0.36
340,47762,kec,18468,6479,21677,7003,-3209,-524,-17.38,-8.09,11989,14674,42385/47634,2685,9.29
341,50610,kel,173,1931,173,1926,0,5,0.0,0.26,-1758,-1753,42385/50532/50604,5,0.26
342,77772,kel,98,415,98,414,0,1,0.0,0.24,-317,-316,77085/77578/77770,1,0.24
343,47718,kec,22044,8727,26607,8760,-4563,-33,-20.7,-0.38,13317,17847,42385/47634,4530,20.32
344,62447,kel,267,480,267,481,0,-1,0.0,-0.21,-213,-214,61965/62333/62432,1,0.21
345,69159,kel,576,657,576,656,0,1,0.0,0.15,-81,-80,67393/69089/928089,1,0.15
346,47812,kec,21677,7003,26697,7644,-5020,-641,-23.16,-9.15,14674,19053,42385/47634,4379,14.01
347,31013,kel,2258,888,2258,887,0,1,0.0,0.11,1370,1371,26141/30851/31007,1,0.11
348,52065,kel,820,1304,820,1303,0,1,0.0,0.08,-484,-483,51578/51913/52051,1,0.08
349,8184,kel,1113,1413,1113,1412,0,1,0.0,0.07,-300,-299,6728/8094/8176,1,0.07
350,47635,kec,20048,7930,25525,9633,-5477,-1703,-27.32,-21.48,12118,15892,42385/47634,3774,5.84
351,25919,kel,8250,7310,8250,7308,0,2,0.0,0.03,940,942,25823/25886/25916,2,0.03
352,47683,kec,15836,3753,22044,8727,-6208,-4974,-39.2,-132.53,12083,13317,42385/47634,1234,93.33
353,47663,kec,16219,4057,28633,10574,-12414,-6517,-76.54,-160.64,12162,18059,42385/47634,5897,84.09999999999998
354,47796,kec,11362,4863,32124,9844,-20762,-4981,-182.73,-102.43,6499,22280,42385/47634,15781,80.29999999999998
